,coefs_class_0,coefs_class_1,coefs_class_2,coefs_class_3,coefs_class_4,coefs_class_5
country_of_origin_japan - jp,-0.008640892994943115,-0.032468785763676816,-0.019633536764359673,0.009865948155317635,0.019976734898469472,0.030578685902103574
country_of_origin_no country reported,-0.017967553693284323,0.01441306753976954,0.016714839947612553,0.006561483559943038,-0.0037994592879879736,-0.015975347792998033
country_of_origin_thailand - th,0.06031087044003587,-0.004007915761262246,-0.018239805467530915,-0.02709697060664158,-0.004327899473446874,-0.004518494738067258
warranty_2 - year international limited warranty,0.013330072716049692,-0.013874016710370305,-0.015631120047620028,-0.005056748235448583,0.004616860961948348,0.016642529205025475
warranty_no warranty reported,-0.017967553693284323,0.01441306753976954,0.016714839947612553,0.006561483559943038,-0.0037994592879879736,-0.015975347792998033
band_color_blue,0.012849591834247378,0.008721336469467942,0.00033779782741519303,-0.02585721163999475,0.021593831847753615,-0.01825222806761159
band_color_brown,-0.032235287307352686,0.0447205444450557,0.05841541646643818,0.0010763462923881013,-0.043741069904502126,-0.027490674341773533
band_color_burgundy,-0.003656300155900962,-0.005436213915149727,-0.016813008752408102,0.01436363208395067,0.02386739875662596,-0.011105354560870091
band_color_cream,0.01679700776709986,-0.01231379052354696,-0.020017466356966995,0.012930087287953243,0.0161205724326452,-0.013300845858354818
band_color_gold,-0.013406030100694136,-0.041665204032148705,-0.05300050687077566,0.003543454617042647,0.025804329321033985,0.0794329738661843
band_color_green,0.014672700328369434,0.034402662071651664,0.03835938762188359,-0.048000544121676966,-0.015318018433238474,-0.023772472794350415
band_color_grey,-0.0002854930014982008,0.007348133355243419,0.03757426557470835,-0.01421988463980137,-0.020896141334440704,-0.009157447778586443
band_color_gunmetal,0.0038524553519765905,-0.0075491010169883785,0.00825244280850132,0.026180442263859027,-0.016122881245102277,-0.01413831219836618
band_color_multicolor,0.0191866007027999,-0.0015931136788724285,-0.04980459664118653,-0.02519227807782325,0.012749429547710836,0.044762251811345535
band_color_no color reported,-0.01886236757976376,0.01311858234662855,0.01185591846135227,0.014196399929994047,-0.00586974834792597,-0.014490577432193166
band_color_nude,-0.003082041606180021,-0.006573456836956792,0.0470430335674119,0.02235105162993775,-0.02968922724933109,-0.02938143647175617
band_color_pink,0.008617862127329675,6.139128884140957e-05,0.06339143269731469,-0.025178986449962953,-0.02884209159326629,-0.01707937741102009
band_color_purple,0.012023051724028634,0.036203204619862074,0.004446768993180039,-0.03944765028389617,-0.006607593750538661,-0.006471820277281034
band_color_red,0.0304848306907162,-0.016561342952141168,0.003633487376058238,-0.003925418985944308,-0.007600592803805545,-0.004617932799404151
band_color_rose,-0.0016068917927277609,-0.006981432572972615,-0.012585701593591556,-0.01726999699886345,0.04367601925294224,-0.004058927040255463
band_color_rose gold,0.0006563351582329555,-0.050182856614470715,-0.015371774232956983,0.01989993867099229,0.02038280602801896,0.024562581263220116
band_color_silver,-0.00561716058655448,-0.01900435298818407,-0.06423481668062073,0.02557988204639591,0.04072159216669447,0.022668698915733455
band_color_tan,-0.007844905534198955,-0.009963213906620243,-0.0205560605750268,0.0453698970691916,-0.0021680555229005006,-0.0031355812698507794
band_color_turquoise,-0.0038007540727097566,-0.005214602866737118,0.02523485530250709,-0.01305056830605619,-0.0007504558170284821,-0.0011629555098246235
band_color_two-tone,0.0029911919938162253,-0.009937187987199215,-0.01584223000054559,-0.01853789372790449,-0.019575194944959223,0.06191059816247014
band_color_white,0.011385392797386413,0.008849135149297154,0.05390299939501645,-0.07387161721193271,0.02619570059430581,-0.02737269002753866
band_color_yellow,3.240312955790537e-05,0.017542146541937535,-0.008557444265815154,-0.009896060412819398,0.0005007921952540897,0.00019723068925017552
band_material_alloy,-0.011499998978222143,-0.012027404269434222,0.09225815530707739,-0.03886944322752641,-0.013313054286750997,-0.015180290327038763
band_material_canvas,-0.009350587164277755,-0.007740608157963519,-0.01201539662201639,0.044027244156764136,-0.006038162260058571,-0.007351244449048649
band_material_ceramic,0.0829212857395026,-0.013000286190505052,-0.01578148953998823,-0.039220837039135314,0.009707474737452879,-0.023734911031737343
band_material_fabric,0.024764794372252003,-0.000537723920600574,-0.010885395138588168,-0.017927375547962934,0.0018912007973452328,0.0021868172162434743
band_material_leather,0.03448358108609999,0.05058925483227936,0.050824708391971486,-0.042184401674210455,-0.040506784538989794,-0.05318315231201784
band_material_mesh,-0.018927771726394257,-0.018017601798792266,0.023366726122291334,0.029628861289372775,-0.0004978824797206982,-0.0154014938033565
band_material_no material reported,-0.017967553693284323,0.01441306753976954,0.016714839947612553,0.006561483559943038,-0.0037994592879879736,-0.015975347792998033
band_material_nylon,0.02206285676514775,-0.008448998385256454,-0.020415674372657774,-0.025452979680613875,0.043114393808065185,-0.009836371168316788
band_material_plastic,0.0103276443877239,0.07338349855584315,-0.027371158194217916,-0.034021630246875496,-0.009980691518699137,-0.011276586866218187
band_material_polyurethane,-0.008937632645992883,-0.007777739375207247,-0.02264026892894131,0.059158944353866066,-0.008382444671621657,-0.009542535398799012
band_material_silicone,-0.022864228428642615,0.023709216351279774,0.06416394603825877,-0.021161909356415206,-0.019698413220591817,-0.02326191497058741
band_material_stainless steel,-0.028816021343419918,-0.07822392515278982,-0.09185151699480804,0.05792452090719922,0.04897276631653338,0.09201166468509721
case_material_carbon,-0.013661388336208839,-0.00983076361163322,-0.02204647700191442,0.059467010789379486,-0.0060769917638882655,-0.005921105962665827
case_material_ceramic,0.06949809063452106,-0.02089737007072689,-0.01577837558004879,-0.02254445650066636,0.012412214990522957,-0.021799707587310046
case_material_no material reported,-0.017967553693284323,0.01441306753976954,0.016714839947612553,0.006561483559943038,-0.0037994592879879736,-0.015975347792998033
case_material_nylon,0.011960851716291342,0.025126414281511123,-0.007866562476829366,-0.006101049105731333,-0.01206046057706955,-0.010336490172479021
case_material_polyurethane,-0.005725869305264114,-0.004717370941037231,0.042380215398531915,-0.017704276784024246,-0.006859698218503587,-0.005424050513813263
case_material_resin,0.041163884158870366,0.036103986430402885,-0.02750073886380879,-0.03747532515478158,-0.005716973873275632,-0.0055164471056604394
case_material_stainless steel,-0.009829395274554426,-0.021182377414309502,-0.010158971872299912,0.006085021870008014,0.006938016036268041,0.02793095116907316
dial_color_black,0.0008621070965159218,0.013679851129963422,-0.035460694867046005,0.024762154235199788,-0.006536862962092394,0.0017280083836332721
dial_color_blue,0.0423070125665314,-0.03771268881118825,-0.04867867116643343,0.014145248166841469,0.04803731565624366,-0.018075515100446006
dial_color_brown,0.0007694038232876499,-0.010561396876213167,-0.01776104404382908,-0.002566938180055628,-0.0024888421607817063,0.033649982516808896
dial_color_burgundy,-0.003656300155900962,-0.005436213915149727,-0.016813008752408102,0.01436363208395067,0.02386739875662596,-0.011105354560870091
dial_color_champagne,-0.016310392461895556,0.009269855013976681,0.016377780757342707,-0.004155114265528148,0.031063864983323284,-0.036231532450977766
dial_color_clear,0.01312176021984229,-0.006234337062777768,0.02872138877944391,-0.02328169451769495,-0.006096979595382545,-0.005168220916571652
dial_color_cream,-0.028078502092104583,0.012820097706288168,0.021594775058120227,-0.004006414618172784,-0.01857538303086391,0.01591833941629788
dial_color_digital,0.06303358408677875,0.017451980761062063,-0.021380225634893273,-0.0400389502759124,0.002208890051560433,-0.020483087294484243
dial_color_gold,-0.01804471730730811,0.009034316733714904,-0.02630028627552248,-0.017004652687186053,-0.03218882983396462,0.08550437234129842
dial_color_green,0.0018064257533872417,0.03643636149611607,0.05574980679609444,-0.03363458159497952,-0.035470793041757646,-0.024755888117594514
dial_color_grey,-0.01873077802861352,0.0009188173316722993,0.03094246280079612,-0.0032534451953822817,0.006077453578258592,-0.015043142628989894
dial_color_mother of pearl,-0.04381450777326575,-0.03375615301814053,-0.00934638845345287,0.04694087299762666,0.033063291224428915,0.006976448695132014
dial_color_multicolor,0.053383915923207466,-0.014680322696057475,-0.013875097741908204,0.0011918891239119207,-0.013789753380903401,-0.010402082622485456
dial_color_no color reported,-0.017967553693284323,0.01441306753976954,0.016714839947612553,0.006561483559943038,-0.0037994592879879736,-0.015975347792998033
dial_color_pink,-0.007747793705029795,0.04002945043375356,0.025273528066811726,-0.03757940857712035,-0.007422808494530962,-0.011444302931013221
dial_color_purple,0.0022802892036660766,0.020761467045997184,0.01377375016425269,-0.0012328907348633626,-0.019074858136681003,-0.015738929377868333
dial_color_red,0.038965159114824975,-0.021303576590054673,0.024241045262472127,-0.019680184232925498,0.01182130167000381,-0.03349370085338026
dial_color_rose gold,-0.010386917226243022,-0.029589213860333488,-0.013180453565365303,0.053528270431500116,-0.003824886341546816,0.004512090627337956
dial_color_silver,0.01476211563887729,0.004200928071911005,-0.023579081183351162,-0.032786141042074536,-0.009453337061746945,0.04694703896181859
dial_color_skeleton,0.01110038050300755,0.004226460477511607,-0.014101556023383281,0.03267715930306454,-0.015460780746150362,-0.018256017232939056
dial_color_tan,-0.014359272071102628,-0.01448421152636204,0.006509377693035241,0.05155039946094972,-0.01459641697389213,-0.01351793810426686
dial_color_turquoise,-0.0038007540727097566,-0.005214602866737118,0.02523485530250709,-0.01305056830605619,-0.0007504558170284821,-0.0011629555098246235
dial_color_white,-0.012306586956100426,-0.010263900352237152,0.0566991769874534,-0.03882180293803558,0.010568998751198709,-0.004669857296534096
dial_color_yellow,3.240312955790537e-05,0.017542146541937535,-0.008557444265815154,-0.009896060412819398,0.0005007921952540897,0.00019723068925017552
case_size_14.0,0.006110303524998354,0.027879779858501177,0.01996878108844742,-0.03161101131203763,-0.011882468570027576,-0.009993489180240461
case_size_16.0,-0.013660685539187941,0.028166535212946344,0.024486364549495,-0.007090054884021803,-0.014420911064517199,-0.016382841111507
case_size_18.0,-0.023932392960736917,-0.015095300650410905,0.007674532990685924,-0.04106195472701285,0.061235943582128124,0.011216334653152492
case_size_22.0,-0.016608960576623606,-0.011147012326218637,-0.02516445731790312,0.03103673982147791,-0.014838615465986657,0.037704684102779114
case_size_24.0,0.0071474945070445425,-0.011293546316889265,0.03271951805129026,0.006812063965272713,-0.0162933782022131,-0.018212518221466693
case_size_26.0,0.01097484321677247,-0.0323524563897275,0.014667113076654241,0.03659196344498636,-0.009957095223082114,-0.01964623501966228
case_size_27.0,-0.0167076235462988,0.029224105410589393,0.01464801449757884,0.01015647659667581,-0.015904406118133884,-0.02099180007766662
case_size_28.0,-0.01890740620002107,-0.0004339266626935057,0.025626742417634747,0.01995475389595206,0.02308012985231292,-0.049328028564910906
case_size_30.0,-0.0014879764383107287,0.000500758237855559,-0.006153245084485849,-0.02024022079044716,-0.020129845123994367,0.04932764307044175
case_size_31.0,-0.004191516998595391,-0.005195899902848017,-0.018289668718493753,0.044991926863691786,-0.007348845844071663,-0.00780449422455041
case_size_32.0,0.007194127588606606,0.03631743514088186,-0.023048128167779177,0.043756857505228855,-0.017593629753757768,-0.04652240443791063
case_size_33.0,-0.012726294281755085,0.01248320906239148,0.05156292707318245,-0.037318852794319415,-0.0071340983929785206,-0.006092691863788406
case_size_34.0,0.028352269098467667,0.008508180377240066,-0.018078042465763423,0.02034878597906598,-0.04600943664513003,0.006273379821747367
case_size_35.0,-0.00730976885821089,0.010378612518115827,0.007390519847195302,-0.0023800393482847812,-0.02634128630791158,0.017861082153084684
case_size_36.0,-0.016716790824730574,0.05016212646415658,0.0011346299816600441,-0.021928361472206177,-0.013372919618507543,0.001630713194482266
case_size_37.0,0.02683044108726016,0.027966035002561007,-0.05089687259324042,-0.01709027336200056,0.00031035551055221195,0.012174723960359997
case_size_38.0,-0.013524857299390597,-0.01678444903957581,-0.014049616551408744,-0.0064756475713207435,0.04413131541192346,0.00781122811943965
case_size_39.0,-0.005530742954416893,-0.012047121276168062,0.02596454927650748,0.011496186061065412,-0.024884044467613477,0.00483049560579649
case_size_40.0,0.018010178431529102,0.017043032914130736,-0.02508251984564988,-0.04849529391643767,0.00745379741340682,0.030420034071954784
case_size_41.0,-0.0020368446202001793,0.00892875904463918,0.01727545295815357,-0.00901108836349871,-0.0076788197047189255,-0.0060218984814211785
case_size_42.0,0.07059090029041667,0.00828666253571195,-0.03800290955961279,-0.04757627563165494,0.025949192481318026,-0.018722076793331096
case_size_43.0,-0.003083855220350869,-0.0028901649909517813,-0.014058187753172436,-0.016693902284887766,0.049934439855541086,-0.011292170753623506
case_size_44.0,-0.012239974283144458,-0.07753171982787531,0.030970631995670867,0.0764481713119054,-0.0187745491975006,0.0018281538173951953
case_size_45.0,0.003259720677651083,-0.017501092185869305,-0.0353564184927432,-0.008569393148000305,0.031069122730135956,0.027070987002824894
case_size_46.0,-0.005966725824150966,-0.006190113903692149,0.00381835472475466,0.004056279438338976,0.031847262313689645,-0.02759414805929303
case_size_48.0,-0.013963712999890989,0.022102987722265332,-0.0035643119983919274,-0.003956914973273206,0.012785656709407412,-0.012315050452984975
case_size_50.0,-0.029367204100411968,-0.015386012945403213,-0.034847992542788093,-0.00409865129710628,-0.013228287273831275,0.09887306200669124
case_size_54.0,-0.013965451555015787,-0.03445464669928198,0.06709900711058714,0.029420954984985953,-0.016945377803259273,-0.030068690714548978
case_size_no case size reported,-0.036105239458178146,0.023604008411242973,0.010822762348040088,-0.032759875155195545,0.023706640284864702,0.009764123223669438
gender_mens,0.009955563946261015,-0.07243683083215118,-0.01996574270295077,0.06036398763324858,0.012775149257607596,0.008352904192199076
color_blue,0.02226384629500308,-0.026002960947491983,-0.025414710860316526,0.010707314969230919,0.03480250466070021,-0.01634153254087628
color_brown,-0.019142475298783757,0.02372182020829542,-0.05112294680111673,0.028853861994647224,-0.0013070394150989776,0.018580946168721288
color_burgundy,-0.003656300155900962,-0.005436213915149727,-0.016813008752408102,0.01436363208395067,0.02386739875662596,-0.011105354560870091
color_caramel,0.010065580475066756,0.01667469333103866,-0.023378209981352083,-0.0017604823823009787,0.011889082470751508,-0.013671601774135234
color_champagne,-0.011617498818729586,0.014303106571687485,0.029958604817697295,0.017008028485527484,-0.02696138857127767,-0.02256019382510403
color_clear,0.024050811221404844,-0.0035283654836051003,0.0097765717051793,-0.027962059904256743,-0.0011068373845596732,-0.0001678669315690694
color_cream,-0.022372158058026077,0.021311884308071703,0.03357857761713233,-0.026358592355014168,0.00028527041523885546,-0.006062590946210272
color_gold,0.016430758379056193,-0.02045014850464934,-0.031116432718532178,-0.018406655986950203,-0.004446807210143778,0.05907794004837087
color_green,-0.007299945139900407,0.00383485924195922,0.059500225385628054,-0.023179586182292915,-0.024673473886506266,-0.007174981975451097
color_grey,0.005699313967587418,-0.005240230597920362,0.006725788303508331,-0.006891927957259042,0.013012932475023858,-0.013216920681245196
color_gunmetal,-0.002024761741398014,-0.01163138680270214,0.0396413282503715,0.01076440006384026,-0.01928055783336762,-0.01717777251746181
color_mother of pearl,-0.031499250966341215,-0.02451943960479296,-0.02951783972298764,0.023888283102419892,0.03901265854258062,0.02268754942889158
color_multicolor,0.03553620014989432,0.012231208139605551,0.0021296976997840483,-0.05906046508291659,-0.01848041648935471,0.027420966414088345
color_no color reported,-0.017967553693284323,0.01441306753976954,0.016714839947612553,0.006561483559943038,-0.0037994592879879736,-0.015975347792998033
color_nude,-0.006670399225277682,-0.006063954827854889,-0.015919936670778623,-0.014326182427233256,0.054329471517446846,-0.009887874691899808
color_pink,0.0005058701558354633,0.037134128048682616,0.025230927576246717,-0.040709724690975994,-0.018474526978795924,-0.0026654514070537693
color_purple,0.006500078166667914,-0.017790946490190345,0.022391435297496175,0.011033035016922106,-0.012181027887391609,-0.00966245238065365
color_red,-0.02544432040494381,-0.011695982078522902,0.06481536699541043,-0.00801821145389529,-0.010259128832421381,-0.007855212145378833
color_rose gold,0.019739648428490485,-0.027424046788914573,-0.004720389081987575,0.0319876225222701,-0.01238674004123677,-0.0061789081233953325
color_silver,0.022014260030399063,-0.01719721962211615,-0.02068443613246054,-0.010246395597959845,0.01655732261849183,0.00951510186926874
color_skeleton,0.01110038050300755,0.004226460477511607,-0.014101556023383281,0.03267715930306454,-0.015460780746150362,-0.018256017232939056
color_smoke,-0.039263169264850226,0.031758713311518236,0.012796372313665427,0.017960588255845344,-0.0006060399328980092,-0.023173205302759122
color_tan,-0.008887654793766363,-0.009180151337454699,0.03450586553836838,0.0032981973300101617,-0.008832096613410223,-0.00972974560630195
color_turquoise,-0.0038007540727097566,-0.005214602866737118,0.02523485530250709,-0.01305056830605619,-0.0007504558170284821,-0.0011629555098246235
color_two-tone,-0.01052821175868991,-0.0021108226807470512,0.018076358267464437,-0.027133365751508418,-0.003668417106524701,0.02684457091100546
color_white,-0.018747969490170584,-0.00107554238271119,0.0493692003492404,-0.01586503714175673,0.004896369545795025,-0.017207375083629725
color_yellow,3.240312955790537e-05,0.017542146541937535,-0.008557444265815154,-0.009896060412819398,0.0005007921952540897,0.00019723068925017552
retail_price_85.0,-2.346191406876196e-05,-0.007717913475050451,0.03868631186830275,-0.021654439973413136,-0.004342809247126681,-0.0031611781187227046
retail_price_89.0,-0.026672347956411546,0.022298766879285482,0.029077475281904377,0.01850023064382289,-0.024995821138575913,-0.017906460345354987
retail_price_95.0,-0.015625433821435736,0.04417171504159443,0.0395061321634058,-0.033939291886321145,-0.012918978946661825,-0.020118604856761535
retail_price_99.0,0.014400073778191013,0.028252291095337733,0.02040583235188356,-0.03122697934804622,-0.0127356983969058,-0.01894720424501237
retail_price_100.0,0.037368717623343546,-0.003490826316309201,-0.010684347513330417,-0.016874947277562946,-0.0013091898412019433,-0.0030609615126333083
retail_price_105.0,-0.009608986720516556,0.033496360158659005,0.032119668038502656,0.014261831493514825,-0.029129393123291467,-0.040975357772270585
retail_price_109.0,0.0010120298598715598,0.012105038596095796,-0.030615105564345272,-0.01625260107961987,0.0609586532848866,-0.026392953933354113
retail_price_110.0,0.04856316566735377,-0.007488242536484728,-0.01384420776733418,-0.01802238014699498,-0.0035138317752143643,-0.0038580514159899317
retail_price_115.0,-0.02246226086629708,0.01350119650642287,0.032119029252933876,0.054743245907843456,-0.046230381051043545,-0.03166628948754683
retail_price_119.0,-0.0025295189627444936,0.04228009729059551,0.005558818730828817,-0.022012841947086734,0.005447542171006127,-0.02839516971619247
retail_price_120.0,0.1323612351733501,-0.019373685714326475,-0.04060838350036081,-0.045772208577594106,-0.011562994954348135,-0.012911552561972708
retail_price_125.0,-0.04229112306584159,-0.01783296048297973,0.10189528789873549,-0.035153570006779086,-0.019357837921393447,0.013720732079253601
retail_price_129.0,-0.06936230972635346,-0.014135768849093707,-0.037176906346125,0.046984721979979195,0.019834428605806934,0.05386945512273236
retail_price_130.0,0.13280906804393774,-0.018228248113886427,-0.043230450388753325,-0.05329424317285253,-0.014702769200413105,-0.0012093444107147016
retail_price_135.0,-0.038846674835988824,-0.04281991615571806,0.033390792302938024,0.03762767703576895,0.007466356819586619,0.0029929235528983393
retail_price_139.0,-0.049135914699666286,-0.0032821154339250577,0.010940895970275375,-0.010412568279908668,0.0012781168747282305,0.05067548555655838
retail_price_140.0,0.1833635792604839,0.0039440385293175815,-0.06088551350664993,-0.0783874640093138,-0.021399898201990442,-0.024789209521883418
retail_price_145.0,-0.03019719200936404,-0.015167792299546859,-0.0520616854163502,0.08550670301643133,0.02542125895853734,-0.012586681631122445
retail_price_149.0,-0.056359423824432466,-0.04075246274971513,-0.03358118157484179,0.007538180737794009,0.0632870974915387,0.05991067017480462
retail_price_150.0,0.12323050135135807,0.007872451339387595,-0.03635725790941962,-0.018118640360062263,-0.035397556824702484,-0.04011259306842346
retail_price_155.0,-0.03770466358274229,-0.02244471379346497,-0.02348796584266073,0.020377387367979363,0.05678835508063675,0.006474963927529776
retail_price_159.0,-0.021062731006949255,-0.014313497791810069,0.006373127730434861,0.010666983368019075,-0.010611128337515758,0.029359569118683454
retail_price_160.0,0.10748518366113492,0.0015556093770841075,0.0026847872111234847,-0.06432351130945567,-0.023097015458015367,-0.022806784072359285
retail_price_165.0,-0.019185473106246343,-0.04142589592311957,-0.004465303737758795,0.045854277493312084,-0.017614922260933155,0.0375654410829337
retail_price_169.0,-0.0319317057746558,-0.011832072665959306,-0.06250635552837897,0.01271459334077154,0.024768730425024733,0.06887761544937732
retail_price_170.0,0.0921750901547605,-0.010236742206771175,-0.027506818161772462,-0.03663931823146841,-0.00781332002931067,-0.007812681930156341
retail_price_175.0,0.011178605869500763,0.035762227938400254,0.02758891198361547,-0.04487697555427071,0.006396435325044885,-0.03602011425192889
retail_price_180.0,0.07610566968140142,0.023537685562635666,-0.02969865671412605,-0.03803819583569583,-0.013995389196489239,-0.01659981847955803
retail_price_185.0,0.010744285942439865,0.008993621264538183,0.01681464537430353,0.011649573485871286,-0.023935393221097577,-0.024912795356932558
retail_price_189.0,0.0061077543704773285,-0.024441099974860783,0.0548135180694658,0.00853572748414909,-0.023083952604200635,-0.020926837404093332
retail_price_190.0,0.08252941618351667,-0.005166698204481405,-0.02243789600161799,-0.03593283230202792,-0.007580971813609244,-0.00929121983676823
retail_price_195.0,-0.01726367184989308,0.0994875341647018,-0.016465562991669715,-0.03668550337721656,-0.023884766222186077,-0.0031888008867266143
retail_price_200.0,0.07169020260646367,-0.005732108363443658,-0.017664758997985832,-0.026656254022698417,-0.009264186857234477,-0.010229722397075513
retail_price_205.0,-0.009366477854800654,0.042218089869422104,-0.017001743805960694,0.01879947099319018,-0.016582750615144054,-0.016987687735623917
retail_price_210.0,0.07219041682261247,-0.006002210612718611,-0.025970480937218078,-0.02497579231404752,-0.00633582686702348,-0.006793384328792416
retail_price_219.0,-0.05224498740621134,0.008663827473296654,0.0683550702124669,0.02058359032279714,-0.007956956416278154,-0.037276779998675715
retail_price_220.0,0.03163384558287026,-0.0005279765433856328,-0.008788004316837536,-0.014296849101044196,-0.0055709366856768385,-0.0007654734611843045
retail_price_225.0,-0.003806290628994494,0.06487146103489584,0.016238287231704614,-0.050485229152689895,-0.014133264710368852,-0.011695186591041656
retail_price_230.0,-0.006862597152876501,0.03973670734684497,-0.00891324497799311,-0.01529776013540882,-0.0033558220638002486,-0.004571087891144257
retail_price_235.0,-0.003843729512279838,-0.00738420766942935,-0.008698779189067238,0.028870972232294855,-0.0050048965048664264,-0.003149185556913661
retail_price_240.0,0.08299916350695868,-0.010388220590245812,-0.021915880680850288,-0.026712486965069168,-0.011995529027066318,-0.009983613460121906
retail_price_245.0,0.01903822525127661,0.036567773609315214,-0.018985045862847775,-0.0017084738275656187,-0.016909376385174327,-0.01804009751492999
retail_price_249.0,-0.002049108381837324,-0.016127127458818738,0.06752076133006772,-0.023580071519311678,0.004551244773160881,-0.02954726654005953
retail_price_250.0,0.0474513549504599,-0.003706918066213487,-0.013217498524990167,-0.01804128565406886,-0.0043180098151877795,-0.006184893523574605
retail_price_255.0,0.0004303800899655173,-0.0031202390071644335,0.029852943531106253,-0.020930989331739154,-0.0016523813850101827,-0.0046197036233325125
retail_price_260.0,0.07299325002731119,-0.00402274940427087,-0.01763185014916437,-0.029749316568167084,-0.00843196852064738,-0.011310333046288276
retail_price_265.0,-0.00012700217134955857,-0.005735634987000365,0.03474708381958688,-0.02141890638311187,-0.003422895680313042,-0.0026047267085566885
retail_price_279.0,-0.003182899497169217,-0.005869765548037263,0.016043297311200782,0.006287963826937499,-0.006723967609387333,-0.005276796880176631
retail_price_280.0,0.07366223977121023,-0.004531043597242145,-0.017947445625147915,-0.028689335297261732,-0.008010741882825209,-0.012414154544844007
retail_price_295.0,-0.0007357619264180279,0.056956375168084966,-0.01758323374116151,-0.021138754979577394,-0.007697228389417129,-0.00818943485370671
retail_price_300.0,0.05174989238370723,-1.4033804130419581e-05,-0.01734234386985009,-0.02556217715938561,-0.006540132408717718,-0.001361129967658995
retail_price_310.0,0.04002597469149615,-0.0007550205388186446,-0.013160354560565864,-0.019750152952064306,-0.004065081128825767,-0.0006533039758854422
retail_price_325.0,-0.002006343860738391,0.06526831246379933,-0.020858778730333996,-0.022492186590833806,-0.008808348730013727,-0.009159758599061514
collection_andyandaddisonset,0.04790864764574324,-0.00591228384306978,-0.007303240950026675,-0.007259390121183536,-0.014869133098086842,-0.010686612615795356
collection_annette,-0.011815896427666905,0.038342944668553744,0.06130136196755946,-0.04905403306396222,-0.015350707113395128,-0.02229482629460693
collection_arc-01,-0.010060309758660634,-0.007516245505703952,0.07487626816165081,-0.0205888493783455,-0.01005055766525357,-0.024595327292104164
collection_arc-02,-0.008118337109244792,-0.00874203475018549,-0.020916953550806448,0.011244714488290182,0.044336908339892823,-0.016522598183699704
collection_arc-03,-0.011239730221247093,-0.01220436376766474,-0.021594240071375823,0.03794886689795315,0.02829268839956202,-0.01985055938466256
collection_atwater,-0.004963808889300037,-0.011219229627152149,0.030924739829545664,0.0006479647713950407,-0.008201832471087073,-0.005305656281206899
collection_avondale,-0.009729754542601185,0.04740245094839589,0.014200770466339302,-0.03037201023093014,-0.011068479749613228,-0.009050250855380072
collection_barstow,0.026244730073362418,-0.010816031013751547,0.015589049352095407,-0.004958874072150039,-0.01335126757099633,-0.011811843462600157
collection_barstowauto,-0.016161424910480563,0.07867661550805388,-0.020012859197148913,-0.024920553732567626,-0.009175218406928547,-0.006355201486280205
collection_batmanle,0.03260114908488324,-0.000746244278731649,-0.013711272876765046,-0.01754254619061908,0.00014064575039505838,8.088988384892805e-06
collection_belmar,-0.023321182944809445,0.008543327457642321,0.005521034741166671,0.054263750580462,-0.02205964382284042,-0.022309967709613396
collection_belmarmulti,-0.0061780080255898675,-0.004365840571105504,-0.013787557849322713,0.04440591147502963,-0.008848142639894046,-0.009149780934958667
collection_blake,-0.007712177211122098,-0.009087445992358565,-0.024358978027013548,0.061369147029620257,-0.008302796407501195,-0.01046327334569432
collection_blane,-0.004191516998595391,-0.005195899902848017,-0.018289668718493753,0.044991926863691786,-0.007348845844071663,-0.00780449422455041
collection_blythe,-0.003035994249910292,-0.001429827159905545,-0.010284911738615152,-0.025235681447611465,-0.006725101710079918,0.048058124475603904
collection_bowmanchrono,0.07585862239615489,-0.008187350128305584,-0.017254921178232612,-0.02431126872226597,-0.013258639619843176,-0.010681914730839967
collection_bronson,0.03934512345526759,-0.021262437619078027,-0.016091305798179176,-0.01672187692967886,-0.02738999940723526,0.04316257057792568
collection_caiden,0.042738317433050066,-0.010069391099614142,0.00771921005420596,-0.02476721972563506,-0.009358754540928355,-0.005640482500376343
collection_camile,-0.00038764235951340125,0.05002475622956303,-0.020696495267209014,-0.0213069631602037,-0.0032746252083620166,-0.003933128685144661
collection_carbonseries,-0.005948940661902389,-0.0053945343213051946,0.017573287102610604,0.027447081345896074,-0.01019609209069386,-0.022830548549095244
collection_carlie,0.04311132644350592,-0.012303284793204017,0.031144043927891694,-0.01670743102304251,-0.013130108261142784,-0.031083402276114693
collection_carliemini,-0.014814299859961601,-0.009968923354825035,0.037285623581064534,0.019224825674651853,0.01455519338032335,-0.046247106269957976
collection_carlieminime,-0.00731589534831426,-0.007527263246499715,0.07856889253007084,-0.03523017326386078,-0.013244203175406574,-0.013150056835945313
collection_carlieminiv-day,0.0250682734001919,-0.012520058876194711,0.02676862909265078,-0.0005901472987531647,-0.021533476127776695,-0.01682444999585587
collection_carlieset,-0.017114154870474668,-0.00907409507437237,-0.014674465624201468,0.05273728816485676,-0.005725122645084435,-0.004197473473287144
collection_cecile,0.006417381479597585,-0.043435660521608424,-0.055994955979916085,-0.01149934569454442,0.029105742981408108,0.07582504634112565
collection_chapman,-0.00845970483054889,0.06332179321048402,-0.019163748883449454,-0.01953827546878564,-0.006788561178341937,-0.007292903500834447
collection_chase,-0.011612139928050514,-0.008964942295030849,-0.018218299496642668,0.01647494304130598,0.030456604570061448,-0.007017075311249545
collection_chaseauto,-0.010027202313917141,0.030799958656791436,-0.01551009880703828,0.006396109919134101,-0.007035749849689101,-0.00384141985656864
collection_chelsey,-0.004282611890682954,-0.0194066853430281,0.0004785422914549499,0.045011157278705846,-0.010178267250361731,-0.00953882266628023
collection_classicminuteglitz,-0.0057361188346762,-0.0046285306625849796,-0.011983306437812997,-0.01926499662150226,-0.006923316181824128,0.050111907917721354
collection_classics,-0.0030441153299353993,-0.004235421594661132,-0.018305026639531506,0.011235203022836912,0.025159417941360143,-0.010309536723903036
collection_coachman,-0.010662117728930116,-0.01029666773964816,-0.022956531345616604,-0.029021080000843177,-0.010495121366874256,0.08548892963963566
collection_colleague,-0.00521790121596226,-0.006419287590776621,-0.015050978647622183,-0.02313797529428318,-0.009531271669999635,0.06148595665257668
collection_colorundertones,-0.013750088926403453,-0.01051101963916157,0.02522349321543411,0.019785135930758403,-0.017972336959656977,-0.0014384967654367383
collection_comuter,-0.025553830936323706,-0.0045635089768143455,-0.022025018000198168,0.03345930397207185,0.010477786549277885,0.008483904971511469
collection_comuter3h,-0.016316005977264916,0.048221221823701615,0.012805239375968324,-0.0055384483953252565,-0.017668687174511262,-0.020326719082907202
collection_comuter3hdate,-0.022726007151237303,-0.02044628099328013,-0.005380520185425428,-0.015822569548350107,0.032662997534783945,0.03235322996062535
collection_comuterauto,-0.016146342424405304,0.02510538630944755,0.015094198210793877,-0.0028829796024336537,-0.01046201779702556,-0.00977565481835059
collection_comuterchrono,-0.010623203137171579,-0.006555182797712923,-0.015237189195941862,-0.01902416675315336,-0.005767437699812895,0.05898107688397556
collection_comutertwist,-0.008904241142083566,-0.018162615556765415,0.016512710000989313,0.036278837135506774,-0.013243025541346086,-0.011067457265752938
collection_copeland,0.023612222059576804,0.06411726903203425,-4.040170395214221e-05,-0.055802438895167894,-0.016808141145938985,-0.014977782786424922
collection_crewmaster,-0.011073494045238028,-0.018338621611221427,-0.03312932293805826,0.08271965847645214,-0.025765697596925784,0.006925940155583085
collection_daily,-0.0005931262976339443,-0.007947542382869908,0.04049695097641372,-0.01986398172978433,-0.005606869116878926,-0.004798303606548963
collection_daisy,0.08066465742979866,-0.008636860361639945,-0.02354219098158415,-0.032412387935544865,-0.006220040131069909,-0.007790385510614228
collection_daisy3h,-0.01491464494946453,0.038978221013484506,-0.030904177230634575,0.040284018077650655,-0.014282132583675007,-0.018071957688746445
collection_dayliner,0.07048109472220383,-0.007129250110916552,-0.024453907023543026,-0.027603865492751883,-0.005094789484003042,-0.004131949839328756
collection_dean,0.009302221459637475,-0.013639499028356221,-0.04688537538634559,0.01186496841147883,0.004292716239248032,0.03434407554427835
collection_decker,-0.009804258590587218,-0.020364954620079534,0.004289706027763546,-0.048582497684209164,0.04177501360371062,0.032821853869792514
collection_df-01,0.08523961456190349,-0.007057854616617985,-0.025157422139351647,-0.03521262720943412,-0.00816921625699169,-0.0075080665803920425
collection_drifter,-0.0010346185196156816,-0.01354467306947074,0.0689238056226839,-0.034918120351726464,-0.009731489404411703,-0.008033854535520241
collection_earthdaywatch,-0.004883092690609336,-0.002764681971298744,-0.009804232350479492,0.027813565871832525,-0.0038412042094684126,-0.004642031316693696
collection_essentialist,-0.02076454762073048,-0.01918592412301561,0.036354816806029214,0.04989390366602354,-0.02223650449310749,-0.022907844977059937
collection_everett,0.04845796550519528,-0.018959144589724045,-0.021159964385777965,-0.01278779355181476,0.011909810817050346,-0.006150251408191811
collection_everett3h,-0.012366967982026663,-0.008737186637052398,0.03709037257760562,0.011411554838382134,-0.01391182514348834,-0.012023142400375745
collection_everettchrono,-0.023252515112881404,-0.014519711539211942,-0.03443567802400797,0.07448780675393708,0.02492913415206861,-0.026122904590714452
collection_everettsolardigital,-0.012361956542067475,0.06675101205484275,-0.015428840543472384,-0.01971018142896541,-0.00875005257382617,-0.008400698200802241
collection_everydaymuse,-0.007852527029338592,0.07066310342859243,0.007829172482343402,-0.039874074695820994,-0.01559584358867856,-0.013889644783638288
collection_fb-01,0.023711124264637347,0.0006028071816099016,-0.032427004579846166,-0.038676471640904174,0.0038917003240335236,0.04261163976709319
collection_fb-01auto,0.013101713726769425,-0.0028399547632379455,-0.022277283336347438,0.02927349467859665,-0.010181816264386028,-0.00630363681730246
collection_fb-01chrono,-0.02254218084767083,-0.012008102761077097,-0.031663640190795386,0.03560401747909152,0.020641592323280163,0.010081988712781443
collection_fb-02,-0.014419016727274189,-0.012866262537768453,0.04249316656136303,0.01900733749769038,-0.017289965069619193,-0.01586031597597276
collection_fb-03,-0.014431632905229886,0.01635387562034171,0.0011270599875760426,-0.010314541998467793,0.01816853486599343,-0.010718994552013746
collection_fb-adventure,-0.019218388768093217,0.037429311759600965,0.0024906081597748787,0.005366012638452438,-0.012574612367743133,-0.012730335511826995
collection_flynn,-0.008091500713640135,-0.008834127340069513,-0.016264852530745732,-0.019589604577308694,0.06112621625085147,-0.00631495225802094
collection_forrester,-0.0023667469144946435,0.012914724854289754,0.025667409063601283,-0.012343334708793844,0.0017217437489824043,-0.025536454212191514
collection_forresterauto,-0.011695606981733624,0.03596056481846523,0.028222936344157144,-0.02989803356905154,-0.01079622285650197,-0.010802515308920131
collection_forresterchrono,-0.025923090950508543,-0.023861602099714576,0.03020558992547952,0.01709158297279067,0.02829166020535129,-0.025720061121737515
collection_gabby,0.010517521607063398,0.0017373566233172889,-0.05756026108922192,0.05146826248876321,-0.028032005408435434,0.021803880527551143
collection_gabbyset,-0.015825975268708825,-0.007763213588527168,-0.017937534343913077,0.06242140353555473,-0.00901331661674314,-0.00978763016143663
collection_garrett,-0.01111744453325775,-0.02453042842147021,0.03294764463353348,-0.05059442852141994,0.01589533879132339,0.03727269518020726
collection_gazer,0.022468480030910228,-0.0003690745174824787,0.023408380829248048,-0.05021527915334039,0.019256390333681567,-0.014612983511407964
collection_georgia,-0.020091745904490654,-0.023358653442698028,0.029531811821548647,0.061870174203246926,-0.015239527006496839,-0.03162693697908081
collection_georgiamini,-0.0060973936437040644,-0.007292346252649683,-0.022322897580845023,0.05361067444399313,-0.007406956396516786,-0.00852245646437516
collection_goodwin,-0.004756992770582073,-0.004679192447380622,-0.01323891374527521,0.030057999108918456,-0.002876661821835639,-0.003190907516954432
collection_goodwinchrono,-0.016433618092680857,-0.013323554952124833,-0.02930774027326942,0.004973047231487754,0.024637929889440247,0.029603414905692294
collection_grant,-0.017277411485779503,-0.026258189425144234,-0.04614316307695212,-0.0011831070954500574,0.03216700631766884,0.05951530698080484
collection_grantsport,-0.012909455819246045,-0.017804841340069003,-0.02214319378593806,0.047042477813967906,-0.0040773272766120435,0.011173703326415194
collection_grantsportauto,-0.0010887044242802646,-0.006724011918942297,0.03936141839413631,-0.02059047229732715,-0.0050225747585836275,-0.004118372966094552
collection_gwen,-0.0165412851065976,0.037267173142665456,0.018332720821517032,-0.042252575306500686,-0.012743113093370544,0.01602366720994733
collection_gwynn,-0.00878605202883422,-0.007117663988006296,-0.0005156156382855042,-0.011588890776232865,0.05030892023092811,-0.02105447987448877
collection_hutton,-0.0058530543384937165,-0.0031827540350940218,-0.014589303342426141,-0.026818901229066838,-0.006571456406702796,0.05889177479072685
collection_idealist,0.02026454500347959,-0.009486012697448271,-0.027131232961653477,-0.0040049189661366825,0.005788038902085767,0.014618850973625539
collection_idealistslim,-0.00041101160483639145,-0.009429662032475316,0.04032646845241652,-0.019386057826394004,-0.005107406436889514,-0.004275438767310839
collection_inscription,0.07945468050092572,-0.00816347978384394,-0.02230586971830537,-0.029085969020471905,-0.009586372959716054,-0.008309233551207891
collection_izzy,-0.01356944363747389,-0.017332349847939257,0.01665451844984264,-0.01788788713728837,0.010940758769753551,0.021201129717639985
collection_jacqueline,-0.00367166837036352,0.05003883578261436,0.005133985301913811,-0.05504217916117682,0.028649566995343143,-0.02508735265755279
collection_jacquelinemulti,0.026582490838789802,0.010712540195600346,0.0002282223435355359,-0.04620308812473292,0.026709110615511292,-0.01866899798452057
collection_jacquelineset,-0.006640153310575119,-0.009404947095224143,-0.024698344240047104,0.05236170037075431,-0.006194327982090924,-0.003669200439059049
collection_jacquelinesmall,-0.0038528556319565067,-0.007383460889358476,0.010351808873071255,-0.028569057938433468,0.04226149654393788,-0.011833287981445844
collection_jacquelinev-day,0.03158813400722518,0.02815191301021005,-0.024429642011931273,-0.02150771019888121,-0.006689857152686272,-0.006091951265721373
collection_jesse,-0.004232200425643516,-0.014434839189336433,0.0006023549934338272,-0.042811722150292664,0.028162378862803757,0.03306564600122948
collection_jocelyn,-0.012839625228981579,0.02966889411450573,0.034969201723230356,-0.022757537896558856,2.1046748270330342e-05,-0.027878652576276263
collection_josey,-0.021065696570487815,0.02329516662432371,-0.003197435006818939,0.04230233035101067,-0.014956013913264704,-0.025295919318560477
collection_kalya,-0.030740375922466107,-0.008563422263834474,-0.010631159978305278,0.09263867032421383,-0.02990416264978272,-0.010747350945863444
collection_karli,-0.0017043596507328078,-0.0013596044129718435,-0.011354738185977709,-0.020289440189979933,-0.006827986251824521,0.042514471140293324
collection_kerstyn,-0.0004969442551139694,-0.011133834426593112,0.016751026709912843,-0.02636715447689979,0.027315557815358747,-0.005473036214785068
collection_kinsey,-0.013638942515677002,0.013460742252803271,0.017235611113090587,-0.034471782000129576,0.02844904078223572,-0.010509694414989515
collection_knoxdualtime,0.037626811284055865,0.0018316056733248581,0.0039704614955502525,-0.01296435730393538,-0.016284975751526775,-0.013104848492981182
collection_latitude,-0.01174640496526105,-0.008012617688214374,0.046582306965621434,-0.015469103734243008,0.02250629755984666,-0.032891082902974364
collection_luxeleisure,-0.010285620012881216,-0.010805575103392908,0.019119270719309373,0.03385673489025637,-0.012142935616471418,-0.018658770079168902
collection_lyric,-0.03003488585025566,0.10618113750241287,-0.007143355961576414,-0.004744508628863536,-0.0320906045502153,-0.030388167843986603
collection_machine,0.028430902443668804,-0.03566276230485503,-0.05301013832591417,-0.0016993881078996805,0.026997614516782363,0.034867764423976766
collection_machinechrono,-0.0051267863448276425,-0.002695718195459168,-0.011236601068652428,0.03596620199918526,-0.009065804997789119,-0.006538572425313535
collection_madeline,-0.016963799318971916,-0.017989501344722613,-0.007694399762613595,0.029873430019928263,0.03553042825942356,-0.021838184077173903
collection_major,-0.0052931741659247074,-0.01003163570854056,0.05781847379431566,-0.02377772645187666,-0.008089028845304037,-0.008462044290255854
collection_mathis,-0.009533711727678093,-0.007140532729691004,0.02683797732302063,0.016455780787195073,-0.011997473065366002,-0.01359140104319323
collection_mathis3h,-0.006445870214321179,-0.009146772887741576,0.026165771423952863,0.013321369851360612,-0.009929812720997465,-0.012896714862309498
collection_megamachine,-0.0005064260201798553,-0.00041035553031240385,-0.010408442611956503,-0.02316297256299077,0.01759523138410148,0.01655559398751849
collection_micah,0.040563499584534354,-0.031217863290365088,0.00179840663715906,0.01464274029177705,-0.013534132428295634,-0.011351829120989004
collection_microscarlette,-0.011153877051665765,-0.009093342384463646,-0.020939163669523787,0.04014176443693228,0.021387205671055412,-0.019064432715176986
collection_minimalist,-0.005155885517958572,-0.002428141499568773,0.060955301192934304,0.0011708544820518065,-0.026332030287692244,-0.026481099219091333
collection_minimalist3h,-0.018325994537646734,-0.01596366146024073,0.03612983193899119,-0.03066958470988193,0.013024696927136516,0.016383511207195528
collection_minimalistchrono,-0.016908512184282423,0.026645910323935658,0.067370110157099,-0.03855929842510372,-0.017857792902822207,-0.019450938990228386
collection_minimalistmoonphase,0.057732791179163495,-0.006525172234251134,-0.014760101557420122,-0.020260085749729286,-0.005774372658635399,-0.008701716404101556
collection_minimalistsolar,-0.017274691706253283,-0.010329055819456817,0.007164074211156605,0.04061128529781113,-0.007967896407118147,-0.01055746372615965
collection_misc-menswatch,-0.007948033563646347,-0.02101994732554178,-0.03911488798205244,0.027117922630805685,0.01450388087126797,0.02687036160847817
collection_modernmachine,-0.0027943979189736417,-0.0167574369111576,0.01091776077245954,0.03357723816485145,-0.009136021385287914,-0.014542595589721383
collection_modernpursuit,-0.004063966135911967,0.04023994859653086,-0.001113007396378556,0.000590237771802555,-0.018219145674443063,-0.01633128789394033
collection_modernsophisticate,-0.004444382946140925,-0.005233290047922389,-0.014896442561484107,-0.014212127858755174,-0.0018048504837797578,0.041464842155902244
collection_monroe,0.02519193753311165,0.024326658482098792,-0.02975753420458656,-0.0414769293826124,0.015851300845553615,0.005198829745539509
collection_monty,-0.021162794158921316,-0.02006234796117193,0.04925240256923672,0.03328808070176876,-0.019457729415217593,-0.020687737480544387
collection_nate,-0.01698450860704495,-0.02302997096913435,-0.06567761965347822,0.024340954143680028,0.020180650330218475,0.06139599445047744
collection_neely,-0.0030802598803045212,-0.01582919272503797,0.03912591712881153,-0.0096244146565934,0.011098636335448019,-0.02079575005372434
collection_neomi,0.018946649226120257,0.012088583927460645,0.03323829186516199,-0.03873925479237968,-0.013827264825152948,-0.012045843495804197
collection_neutra,0.0795534193107678,0.0030617452594926663,-0.015877861092538994,-0.04628512129006442,0.001352720676031154,-0.020355886555474108
collection_neutraauto,-0.014026911305278666,-0.013234031250617062,0.0953837056707419,-0.03759550555473667,-0.014381870374899667,-0.014000379112655992
collection_neutrachrono,-0.04232083980158973,-0.03532574433236064,-0.055885000187603714,0.10131597646866619,0.018130655556530213,0.014372838558313986
collection_neutraminimalist,0.004010164270424357,0.0028396880506240734,-0.004976781011848033,-0.009009731566605188,0.0031892034790472227,0.002865529085751423
collection_neutrapride,0.04343897115223786,-0.004008768715390405,-0.012586612667912484,-0.01640886860649339,-0.0039536153250703246,-0.004380309650897573
collection_neutratwist,0.04611320476899039,0.02180167457864979,-0.02201233812315847,-0.027964795626291665,-0.008877868214426599,-0.007489787413925223
collection_oakman,-0.0037676897900738512,0.011127258908243766,0.05212984259452552,-0.030877511143592246,-0.01520078495320033,-0.012259738725733285
collection_originalboyfriend,-0.014781407693184404,-0.0028382480831320588,0.049803718565287564,0.00036420003871797345,-0.018256023462544603,-0.013219896670730388
collection_perfectboyfriend,-0.006939673789853893,-0.005380608897705357,-0.010626786789051662,-0.018086640990711732,-0.009603628341085765,0.05202867696953129
collection_pierce,-0.008723605564378246,0.024016142547266854,0.043340829365230475,-0.036923241013064066,-0.009361330492285751,-0.011787652052860994
collection_pilot,-0.005091651689356866,0.004796657506932677,0.009294847310845313,0.016857256441291782,-0.01411048716321443,-0.011477401667324036
collection_pilotchrono,-0.013579548646633357,-0.01209614890943617,0.029536283214958894,0.02279816381339772,-0.010848555862312578,-0.01479199774756917
collection_poptastic,-0.0032146834672317414,-0.007413811549110275,0.072321131858392,-0.03240129998025669,-0.014971148521849864,-0.01250929630984238
collection_prismaticgalaxy,-0.007266729448203506,0.05645267385977394,-0.02605480115937728,-0.02001501675226301,-0.0015924543955347487,-0.0006201735367112187
collection_raquel,3.318107189139212e-05,0.020093604055895848,0.000743313060904863,0.023154855129031215,-0.01787601732838744,-0.02656512670105478
collection_retroanadigital,0.06310243298173136,-0.005411128667172638,-0.01873289790563395,-0.027169107742075777,-0.004463661153321859,-0.005271925528781788
collection_retrodigital,0.054349876586563754,0.023254394934674846,-0.02577640048515876,-0.03672818746312983,-0.006658711832273902,-0.007456071135200316
collection_retropilot,0.03467649059934899,0.04245154864644504,-0.023288453314035625,-0.02909854007335757,-0.011295282729246335,-0.012547295665421591
collection_rhett,-0.0014930187637248928,-0.0003727977303228234,-0.00909099501332342,-0.01530702984492214,-0.0025436688801971827,0.02859084160540718
collection_riley,-0.014898947038931434,-0.034196290666790224,-0.0022623269711472853,-0.004275650941228132,0.014602482077564942,0.04203396335311055
collection_ruterford,-0.007986019966061764,0.04156561003517143,-0.007716873221452286,0.013842385561343018,-0.01647394765937113,-0.022529600143853357
collection_sadie,-0.014020411474643637,-0.011737112173053533,0.03657698963680555,-0.04118292725473547,-0.017604127758170014,0.04939709901990204
collection_sadiemulti,-0.009600140664558346,-0.007727840100509994,-0.01158228265634797,0.04614480843560734,-0.0061318911468931925,-0.009641025719313422
collection_scarlette,0.020683696023666823,0.01670226867703681,-0.009851822162043477,-0.016725803818737013,-0.007421050939882574,-0.0027943419111095724
collection_scarlettemicro,-0.009791895440789806,0.03360866686810174,-0.026134861868010947,-0.020206790194089178,0.02428798185425667,-0.0012566097351413962
collection_scarlettemini,-0.010345915998155064,0.0036724836519660947,0.020308612888648932,-0.006742118197307204,0.028736890585782878,-0.03566829292377799
collection_serena,-0.0007869673877434702,-0.0032743275998184814,-0.01577231396334726,-0.02719613004333786,-0.008578045611679849,0.0576530886975106
collection_solaranadigi,0.012866842134765225,-0.00037113050996016145,-0.005686575213616882,-0.009695531382586532,0.0010762522378923577,0.0012036939126984993
collection_sport,-0.011945102349575831,-0.034765057931933366,0.03811172106918798,0.03631724805078983,-0.0032949518752116726,-0.023338061639782304
collection_sport54,-0.005025063092965012,-0.016365567528943498,-0.04055024825425129,0.08749821974922042,-0.011991336252817323,-0.011395422920518919
collection_stargazer,-0.004392727404290744,0.04299106641946491,-0.011470391897579842,-0.015332119608851323,-0.0037023189605603743,-0.006709569333046208
collection_stella,0.027912762663684643,-0.005586633611302821,-0.0263945995562933,-0.005204437643315695,0.005000724730136777,0.0040677094424321995
collection_stellasport,-0.012017224570562422,-0.0072442058217913035,-0.020642904512063402,-0.03676575449735631,-0.010982580315511307,0.08980878984077204
collection_suitor,-0.012163425655991366,-0.015694490292766053,-0.031985137349368996,0.005336956682189604,-0.012597634030282122,0.0682115546497835
collection_suitormini,-0.0016456593080022542,-0.0004367063739151528,-0.01784985567430037,-0.0385816175714298,-0.012044963427878926,0.07147070881636763
collection_sylvia,-0.004696321143886361,-0.0051725313601877,-0.019083705777069783,0.056963459906046315,-0.011496847950784284,-0.014561068249500242
collection_tailor,-0.023888995761250354,0.005761310261737012,-0.0067486166213147295,0.03970973966069907,-0.028238626354606697,0.013522058529750256
collection_tailorme,-0.015331550721335086,-0.011565430940149765,0.04584192493331568,0.004232086148923252,-0.010673683228479197,-0.011009781682187672
collection_townsman,-0.021793682574916064,8.344661457807428e-05,0.0008148824227552111,0.039816624091386886,0.017132361711265674,-0.03597106675417447
collection_townsmanauto,-0.012278510612042366,-0.009671009914707868,0.02612073535265025,0.018528629947474097,-0.011467428704424363,-0.010099032070169935
collection_typographer,-0.004427659270337972,-0.0023833060285465063,-0.011698550094813584,-0.021478468174474033,-0.005372045468873313,0.046922047429439756
collection_vintage,-0.0030935253776966155,-0.01656485464665749,0.04095165406527921,0.002884123765999861,-0.012701930011254864,-0.010129868573367659
collection_vintage54,-0.0025566267849998496,-0.009252286787168707,0.048353480460790146,-0.022049172346204803,-0.007530865383306448,-0.0052072794874004485
collection_vintagemuse,-0.006425672079537732,0.07853728842864204,0.01968394954856568,-0.04946107290080258,-0.021394800013087512,-0.01963428349083926
collection_virginia,-0.014865374375797113,-0.031942298024184,-0.027569798611616833,0.005845694695380162,0.014064881398733079,0.05486996931588578
collection_virginiaboxset,-5.8100175071853114e-08,-0.0002612557801784097,-0.00893183818071647,-0.01891708532227442,0.03912844482776048,-0.010696369006021602
collection_winnie,-0.005923797242440255,0.051450112156986236,-0.013504159360877368,-0.017788921287730797,-0.005401913456805181,-0.006931809585053618
clasp_type_buckle,0.08558440673438948,0.08835768543232338,0.04476747974386972,-0.05541615410928268,-0.06867420954466126,-0.09457246037064933
clasp_type_clasp,-0.002614782386480654,0.00016804156293185116,-0.012652796605179303,0.04008763227343521,0.0030925601374725263,-0.027754709246735478
clasp_type_deployment,0.006120496075040129,-0.024457182749651123,0.010298627512711319,0.03878729800824505,-0.017722399986348808,-0.012742147597375115
clasp_type_fold-over,0.02666046311620557,-0.039082960932447265,-0.04958470861518964,0.058966202377261176,0.03900028169608906,-0.03603847999555329
clasp_type_no clasp type reported,-0.10122195620411648,-0.030817370315435737,0.0044076295337689584,-0.011712872812353649,0.028149719535162956,0.1106828095691683
clasp_type_safety,0.06739302140890989,-0.008005791480221366,-0.01908517467453859,-0.027721958405188214,-0.004162849882664576,-0.00636504840232781
clasp_type_tang,-0.00664685590827106,-0.005202221396685037,-0.015937589492356633,-0.020418053869086662,0.05904383026641839,-0.008753447621235914
clasp_type_velcro,0.005534975769922572,-0.005533201413273357,-0.017060899429640414,0.025796743342770753,-0.0036240416229725847,-0.004091344995682755
water_resistance_3 atm,-0.011135255862037716,0.007410462863363578,0.004544269861942217,0.034691361931714626,0.02406039277753802,-0.06042295115024932
water_resistance_5 atm,0.016112190845277506,-0.01213504004879546,-0.01170928752153096,-0.010005962895823237,-0.012297561421502361,0.030595626727233344
water_resistance_no water resistance reported,-0.01955785260472756,0.01383806862460728,0.021032112349377168,0.00511555795389364,-0.0043032748722926974,-0.016174386178400724
movement_type_digital,0.04726819493486176,0.024238546519701063,-0.03969927946931188,-0.028005207877621868,0.009184285611313828,-0.012895566314879411
movement_type_mechanical,0.01669853786227648,-0.024758858637771285,-0.004141511495850339,0.055217155757733165,-0.021490498854083512,-0.020444410360451117
movement_type_no movement type reported,-0.020623683013823123,0.011920383288581924,0.012419924622629079,0.023079934717007415,-0.006860356200086675,-0.019982446826727472
movement_type_quartz,-0.012647153504932295,-0.03239970161157604,-0.025980642404691244,-0.0008039957099209355,0.023212574280587154,0.04854509764854905
movement_type_solar,0.09936588343677995,-0.008400293714624934,-0.030192882171890503,-0.0424184231117219,-0.008354351523609263,-0.007856424631205276
